$ANSIBLE_VAULT;1.1;AES256
62326439633133336132653331663936633837623065623831663930633537623036326237363166
3865613065376562336339623264323437666566366238300a653839393930376363346563343434
36306262336338646635643631616533366662316332303432393132623336373831613039333666
3663636134623732360a663332303230376537343631616163396665626236623234303934353632
62656431616163656635636165333264323234613861366239376535333737643264366366303038
32653731393537323231646133633731633038653338616631383761383166626164643531376539
64396638386436303031613865633439366136653238363438633366346232393630313833323433
62313936363865303565353063646637386566643735653035326634633361633265366430336338
38383965356165383134316538313133326438313863313839346231346235346534343935346165
32363336316162666633646362353833383761663061623861343937663338353032616166663539
64353836646432633035393263383963666335313938653133383363383335353631613430396530
34653136356164643261336231656231656564643030396436343536633039313932613265663535
66666265623466366461353634393063316335323061383036666665616639636633663737386435
35616632386138616235393434366232653337626565303937616463633666303837343361376365
64333462373235623530313930363738623030383462343630613231386664383232613438353732
33663865333431336530326631656163396263646435616666633930623366653064343436353637
32626438343465636464316162623863386663353033333961333338383531363434366431353864
63343931613334663030653633353763373163613763643139363131663863316338373331303064
30613239363035626334336230613462313665623766313537363337346463323064383537333864
61636161366337336164396163626339313235353537303564303530383631653461353131363138
66656431386635613333663034326331386261363562646437366662363134326639663164333333
62303062303930623139383037613465646261333634643939653639643339333966373733363835
33386630343566306433353938643633376139326561633631643264343530316466616436323631
66626139616633306634623362373436613664643037666164393633383639373033363632666532
30326533376162373539376164356262646365616666653730313564613662326563363962643137
33626162613934376431353235386630353763323662626336613939353664326636326335666637
33373261623064663361393661363437346564333432366535633962303837333963316461626339
65383461376565366362313730616166343362376263303730363136663339393931666662613430
35306237393434323030613666303462616636363238646536613638363135323066636139636438
32326434316530333539376138653661396538366363626635373238663435323765383565616330
36366261363065666363363531663430656236653062613432323964623733383632326562393465
38383264623833613434396164653734666338383834363762303265663162313739353231643561
36396662656534363063306163326435613163336565373539326564646166366437353661666537
30323837643933333635643163306131663331386461343361366532383934656139346434653633
65663738313330636563376432393264623562633135393765636333636464373131313364353766
63623464393135306635623463363835306663616463613334623830393537333234313665626134
37633534663736626432646462306136333132633835616635353239316264656132386666626436
62633731363734306436373634306630396331333064613339356234306366316365393464313730
39323530353937663662643930343665396338353734626162333361333132646639363564653264
34643535616636646663383838383030313061336539333033323766643265646134646563373033
63656462383337623862613961326334353030303534663366343132613433383930396335353339
31323537633261353035346139623636396233313334393564626262653730383766323265376238
32343861366664646631333437646561303263643263613539353231393930653538376366393937
65303061363130643031613761346563623638623439393337643930643665616632373438376235
61313433613734333431393735316562313762356236656565666161346436643861336463656231
33316439393863626666373431326133373365663966313661613463636266326435353433653361
64613664376165626265333930366562396333376336356263326633623033653666383439323835
30313837663036613037636234633664383863396364313735373466323865633634306330376233
64663337666439393433383035633933316136366630613933396138666632323030
